================================================================================
DATA SUMMARY REPORT
================================================================================

Generated: 2026-02-14 22:35:00

Dataset Shape: 135,858 rows × 37 columns

None

Descriptive Statistics:
       caseNumberFull      consulate    fiscal_year     caseNumber         Issued             AP          Ready        Refused  InTransit       Transfer            NVC    potentialAP    Refused221g  processing_time_days    submit_year   submit_month  submit_quarter  submit_day_of_week  submit_day_of_year      is_issued     is_refused  is_administrative_processing       is_ready  is_refused_221g    case_number
count   135858.000000  135858.000000  135858.000000  135858.000000  135858.000000  135858.000000  135858.000000  135858.000000   135858.0  135858.000000  135858.000000  135858.000000  135858.000000         135858.000000  135858.000000  135858.000000        135858.0       135858.000000       135858.000000  135858.000000  135858.000000                 135858.000000  135858.000000    135858.000000  135858.000000
mean     67928.500000      63.686489       4.978426   14109.174005       1.317744       0.020256       0.228319       0.149053        0.0       0.001053       0.000007       0.032313       0.022899            577.948932    2016.553806      10.299320             4.0            2.904724          297.696757       1.007964       0.149053                      0.020256       0.228319         0.022899   14109.174005
std      39218.970773      44.934204       3.169436   11677.142947       1.209146       0.209561       0.768120       0.561896        0.0       0.051107       0.002713       0.176831       0.230143             98.240330       3.575852       0.457962             0.0            2.000627           11.248503       1.368472       0.561896                      0.209561       0.768120         0.230143   11677.142947
min          0.000000       0.000000       0.000000       1.000000       0.000000       0.000000       0.000000       0.000000        0.0       0.000000       0.000000       0.000000       0.000000            313.000000    2011.000000      10.000000             4.0            0.000000          274.000000       0.000000       0.000000                      0.000000       0.000000         0.000000       1.000000
25%      33964.250000      31.000000       2.000000    7310.000000       1.000000       0.000000       0.000000       0.000000        0.0       0.000000       0.000000       0.000000       0.000000            504.000000    2013.000000      10.000000             4.0            1.000000          289.000000       0.000000       0.000000                      0.000000       0.000000         0.000000    7310.000000
50%      67928.500000      61.000000       4.000000   11388.000000       1.000000       0.000000       0.000000       0.000000        0.0       0.000000       0.000000       0.000000       0.000000            591.000000    2016.000000      10.000000             4.0            3.000000          299.000000       1.000000       0.000000                      0.000000       0.000000         0.000000   11388.000000
75%     101892.750000      96.000000       8.000000   16860.500000       1.000000       0.000000       0.000000       0.000000        0.0       0.000000       0.000000       0.000000       0.000000            666.000000    2020.000000      11.000000             4.0            5.000000          306.000000       1.000000       0.000000                      0.000000       0.000000         0.000000   16860.500000
max     135857.000000     138.000000      11.000000  120874.000000      15.000000       8.000000      10.000000      11.000000        0.0       5.000000       1.000000       1.000000       9.000000            730.000000    2023.000000      11.000000             4.0            6.000000          326.000000      15.000000      11.000000                      8.000000      10.000000         9.000000  120874.000000

Column Names:
  1. caseNumberFull
  2. consulate
  3. fiscal_year
  4. caseNumber
  5. Issued
  6. AP
  7. Ready
  8. Refused
  9. InTransit
 10. Transfer
 11. NVC
 12. potentialAP
 13. Refused221g
 14. processing_time_days
 15. submit_year
 16. submit_month
 17. submit_quarter
 18. submit_day_of_week
 19. submit_day_of_year
 20. is_issued
 21. is_refused
 22. is_administrative_processing
 23. is_ready
 24. is_refused_221g
 25. case_number
 26. region_AS
 27. region_EU
 28. region_OC
 29. region_SA
 30. status_Administrative Processing
 31. status_Issued
 32. status_Ready
 33. status_Refused
 34. status_Refused221g
 35. status_Returned to NVC
 36. status_Transfer
 37. status_Transfer in Progress
